    D631-7   7.72  0.39 2  8.68  0.06  1.76  0.02  0.80   10.46  1.22
     DDO154   4.04  0.20 2  8.59  0.06  1.67  0.01  0.93    9.99  0.65
     DDO161   7.50  2.25 1  9.32  0.26  1.82  0.03  0.87   10.37  2.04
     DDO168   4.25  0.21 2  8.81  0.06  1.73  0.03  0.85    9.12  1.29
     DDO170  15.40  4.62 1  9.10  0.26  1.78  0.03  0.78    4.70  3.03
ESO079-G014  28.70  7.17 1 10.47  0.24  2.24  0.01  0.14   80.87  7.08
ESO116-G012  13.00  3.90 1  9.55  0.27  2.04  0.01  0.41   51.02  2.55
ESO563-G021  60.80  9.10 1 11.27  0.16  2.50  0.02  0.17  214.69 10.59
    F568-V1  80.60  8.06 1  9.72  0.10  2.05  0.11  0.63   15.70  4.40
     F571-8  53.30 10.70 1  9.87  0.19  2.15  0.01  0.32  412.86  1.40
     F574-1  96.80  9.68 1  9.90  0.10  1.99  0.04  0.59   14.99  5.87
     F583-1  35.40  8.85 1  9.52  0.22  1.93  0.03  0.85    5.59  3.74
     IC2574   3.91  0.20 2  9.28  0.06  1.82  0.02  0.73    7.94  3.18
     IC4202 100.40 10.00 1 11.03  0.13  2.38  0.02  0.15  195.79  8.55
   KK98-251   6.80  2.04 1  8.29  0.26  1.53  0.03  0.78    3.94  1.28
    NGC0024   7.30  0.36 2  9.45  0.09  2.03  0.02  0.32   75.83  2.01
    NGC0055   2.11  0.11 2  9.64  0.08  1.93  0.03  0.47   27.27  3.67
    NGC0247   3.70  0.19 2  9.78  0.08  2.02  0.03  0.39   16.89  5.87
    NGC0289  20.80  5.20 1 10.86  0.22  2.21  0.04  0.50  793.97  2.69
    NGC0300   2.08  0.10 2  9.43  0.08  1.97  0.09  0.46   73.75  1.77
    NGC0801  80.70  8.07 1 11.27  0.13  2.34  0.01  0.16  409.07  7.76
    NGC0891   9.91  0.50 2 10.88  0.11  2.33  0.01  0.08  808.73  3.68
    NGC1003  11.40  3.42 1 10.05  0.26  2.04  0.02  0.70   70.44  2.76
    NGC1090  37.00  9.25 1 10.68  0.23  2.22  0.01  0.24  141.84  6.36
    NGC2403   3.16  0.16 2  9.97  0.08  2.12  0.02  0.46  170.53  2.16
    NGC2683   9.81  0.49 2 10.62  0.11  2.19  0.02  0.04  569.90  3.34
    NGC2841  14.10  1.40 3 11.03  0.13  2.45  0.02  0.12  491.81  5.51
    NGC2903   6.60  1.98 1 10.65  0.28  2.27  0.02  0.08  316.08  4.54
    NGC2915   4.06  0.20 2  9.00  0.06  1.92  0.04  0.68  173.70  0.53
    NGC2976   3.58  0.18 2  9.20  0.10  1.93  0.05  0.15  152.69  1.18
    NGC2998  68.10 10.20 1 11.03  0.15  2.32  0.02  0.29  239.78  7.06
    NGC3109   1.33  0.07 2  8.86  0.06  1.82  0.02  0.87    5.70  1.64
    NGC3198  13.80  1.40 3 10.53  0.11  2.18  0.01  0.43   89.50  5.84
    NGC3521   7.70  2.30 1 10.67  0.28  2.32  0.03  0.10 1116.35  2.45
    NGC3726  18.00  2.50 4 10.64  0.15  2.23  0.02  0.20   99.04  7.52
    NGC3741   3.21  0.17 2  8.41  0.06  1.70  0.02  0.95   21.47  0.32
    NGC3769  18.00  2.50 4 10.22  0.14  2.07  0.03  0.44  313.19  2.18
    NGC3877  18.00  2.50 4 10.58  0.16  2.23  0.01  0.05  299.09  4.39
    NGC3893  18.00  2.50 4 10.57  0.15  2.24  0.03  0.21  786.68  2.43
    NGC3917  18.00  2.50 4 10.13  0.15  2.13  0.01  0.19   56.47  5.56
    NGC3949  18.00  2.50 4 10.37  0.15  2.21  0.02  0.19  529.42  2.39
    NGC3953  18.00  2.50 4 10.87  0.16  2.34  0.01  0.05  293.63  6.17
    NGC3972  18.00  2.50 4  9.94  0.15  2.12  0.01  0.18   82.38  3.73
    NGC3992  23.70  2.30 5 11.13  0.12  2.38  0.01  0.16  180.22  9.99
    NGC4010  18.00  2.50 4 10.09  0.14  2.10  0.02  0.30    7.38 13.61
    NGC4013  18.00  2.50 4 10.64  0.16  2.24  0.02  0.09  373.08  4.11
    NGC4051  18.00  2.50 4 10.71  0.16  2.20  0.02  0.07  159.88  6.87
    NGC4085  18.00  2.50 4 10.10  0.15  2.12  0.02  0.14  428.35  2.00
    NGC4088  18.00  2.50 4 10.81  0.15  2.23  0.02  0.17  228.98  6.10
    NGC4100  18.00  2.50 4 10.53  0.15  2.20  0.01  0.12  194.00  4.93
    NGC4138  18.00  2.50 4 10.38  0.16  2.17  0.02  0.08  954.55  1.91
    NGC4157  18.00  2.50 4 10.80  0.15  2.27  0.02  0.17  424.43  4.44
    NGC4183  18.00  2.50 4 10.00  0.14  2.04  0.02  0.46   43.23  4.47
    NGC4217  18.00  2.50 4 10.66  0.16  2.26  0.02  0.07  241.99  5.28
    NGC5005  16.90  1.50 5 10.96  0.13  2.42  0.03  0.02  894.96  3.97
    NGC5033  15.70  4.70 1 10.85  0.27  2.29  0.01  0.21 1018.12  2.94
    NGC5055   9.90  0.50 2 10.96  0.10  2.25  0.03  0.17  691.51  4.18
    NGC5371  39.70  9.92 1 11.27  0.24  2.32  0.01  0.08  280.42  9.80
    NGC5533  57.10 11.40 1 11.25  0.19  2.38  0.03  0.20  642.39  5.92
    NGC5585   7.06  2.12 1  9.57  0.27  1.96  0.02  0.60   45.27  2.27
    NGC5907  17.30  0.90 2 11.06  0.10  2.33  0.01  0.24  224.80  7.88
    NGC6015  17.00  5.10 1 10.38  0.27  2.19  0.02  0.33  165.88  3.92
    NGC6195 127.80 12.80 1 11.35  0.13  2.40  0.03  0.12  343.40  9.52
    NGC6503   6.26  0.31 2  9.94  0.09  2.07  0.01  0.27  387.08  1.62
    NGC6674  51.20 10.20 1 11.18  0.19  2.38  0.03  0.28  280.42  7.75
    NGC6946   5.52  1.66 2 10.61  0.28  2.22  0.05  0.19  285.63  4.20
    NGC7331  14.70  1.50 3 11.15  0.13  2.38  0.01  0.11 1235.38  3.99
    NGC7339  15.30  1.34 5 10.26  0.13  2.21  0.01  0.03 1458.14  1.38
    NGC7814  14.40  0.72 2 10.59  0.11  2.34  0.01  0.04 1354.57  2.08
   UGC00128  64.50  9.70 1 10.20  0.14  2.11  0.05  0.62   10.18  9.63
   UGC00191  17.10  5.10 1  9.45  0.26  1.92  0.04  0.64   25.11  2.50
   UGC00634  30.90  7.70 1  9.80  0.22  2.03  0.08  0.77   13.05  4.26
   UGC00731  12.50  3.75 1  9.41  0.26  1.87  0.02  0.94   12.81  1.40
   UGC02259  10.50  3.10 1  9.18  0.26  1.94  0.03  0.43   23.54  2.40
   UGC02487  69.10 10.40 1 11.43  0.16  2.52  0.05  0.09  409.07  9.63
   UGC02885  80.60  8.06 1 11.41  0.12  2.46  0.02  0.21  210.76 12.20
   UGC02916  65.40  9.80 1 10.97  0.15  2.26  0.04  0.33 1212.83  2.80
   UGC02953  16.50  4.95 1 11.15  0.28  2.42  0.03  0.07  772.33  5.03
   UGC03205  50.00 10.00 1 10.84  0.20  2.34  0.02  0.18  293.63  5.35
   UGC03546  28.70  7.20 1 10.73  0.24  2.29  0.03  0.07 1201.71  2.58
   UGC03580  20.70  5.20 1 10.10  0.23  2.10  0.02  0.47  307.47  1.84
   UGC04325   9.60  2.88 1  9.28  0.27  1.96  0.03  0.47   20.50  2.79
   UGC04499  12.50  3.75 1  9.35  0.26  1.86  0.02  0.65   16.89  2.69
   UGC05253  22.90  5.72 1 11.03  0.23  2.33  0.04  0.20  744.39  4.28
   UGC05716  21.30  5.30 1  9.24  0.22  1.86  0.06  0.83   13.79  1.84
   UGC05721   6.18  1.85 1  9.01  0.26  1.90  0.03  0.74  116.89  0.60
   UGC05986   8.63  2.59 1  9.77  0.27  2.05  0.02  0.60   38.35  3.12
   UGC06399  18.00  2.50 4  9.31  0.14  1.93  0.02  0.44   15.41  3.45
   UGC06446  12.00  3.60 1  9.37  0.26  1.91  0.03  0.79   18.52  2.06
   UGC06614  88.70  8.87 1 10.96  0.12  2.30  0.11  0.32  730.80  3.68
   UGC06667  18.00  2.50 4  9.25  0.13  1.92  0.02  0.61    9.03  3.50
   UGC06786  29.30  7.32 1 10.64  0.24  2.34  0.02  0.15  496.37  3.42
   UGC06787  21.30  5.32 1 10.75  0.24  2.39  0.01  0.12  945.80  2.88
   UGC06818  18.00  2.50 4  9.35  0.13  1.85  0.03  0.64   28.04  2.12
   UGC06917  18.00  2.50 4  9.79  0.14  2.04  0.02  0.44   26.54  4.52
   UGC06923  18.00  2.50 4  9.40  0.14  1.90  0.02  0.43   83.14  1.66
   UGC06930  18.00  2.50 4  9.94  0.13  2.03  0.06  0.49   36.97  4.38
   UGC06973  18.00  2.50 4 10.47  0.16  2.24  0.02  0.08 1658.83  1.61
   UGC06983  18.00  2.50 4  9.82  0.13  2.04  0.02  0.60   26.78  3.95
   UGC07125  19.80  5.90 1  9.88  0.26  1.81  0.01  0.82   14.05  3.92
   UGC07151   6.87  0.34 2  9.29  0.08  1.87  0.02  0.42   38.35  2.17
   UGC07399   8.43  2.53 1  9.20  0.27  2.01  0.02  0.63   56.99  1.27
   UGC07524   4.74  0.24 2  9.55  0.06  1.90  0.03  0.66   14.86  3.61
   UGC07603   4.70  1.41 1  8.73  0.26  1.79  0.02  0.65   40.91  0.85
   UGC07690   8.11  2.43 1  8.98  0.27  1.76  0.05  0.55   92.00  0.86
   UGC08286   6.50  0.33 2  9.17  0.07  1.92  0.01  0.58   19.76  2.25
   UGC08490   4.65  0.53 2  9.17  0.11  1.90  0.03  0.65   62.49  1.14
   UGC08550   6.70  2.00 1  8.72  0.26  1.76  0.01  0.73   22.69  1.01
   UGC08699  39.30  9.82 1 10.98  0.24  2.26  0.03  0.05  765.25  4.32
   UGC09037  83.60  8.40 1 10.78  0.11  2.18  0.03  0.43  167.41  5.69
   UGC09133  57.10 11.40 1 11.29  0.19  2.36  0.04  0.23  505.59  6.87
   UGC10310  15.20  4.60 1  9.39  0.27  1.85  0.07  0.65   14.19  3.12
   UGC11455  78.60 11.80 1 11.31  0.16  2.43  0.01  0.09  285.63 10.06
   UGC11914  16.90  5.10 1 10.88  0.28  2.46  0.06  0.02 1212.83  3.12
   UGC12506 100.60 10.10 1 11.07  0.11  2.37  0.03  0.40   72.41 12.36
   UGC12632   9.77  2.93 1  9.47  0.26  1.86  0.03  0.78    6.54  3.94
    UGCA442   4.35  0.22 2  8.62  0.06  1.75  0.03  0.83    3.80  1.71
    UGCA444   0.98  0.05 2  7.98  0.06  1.57  0.06  0.94    5.97  0.41